$grad
  cycle =      1    SCF energy =   -32.96312438232   |dE/dxyz| =  0.029418
    1.47124793841827     -0.11569804933764     -1.03425106961637      N 
    2.30606867232524      1.39438866257676     -0.22042327726281      H 
   -1.27032171158331     -0.35323037984830     -0.63542400593709      C 
   -2.28721402627102      0.41052094631276     -2.26307110099995      H 
   -2.09115876905205     -3.11124497891343     -0.23229715307151      C 
   -2.10304133417683      1.24928597571426      1.63448207113826      C 
   -4.12260637059248     -3.17322291508423      0.12649346181040      H 
   -1.66509706380150     -4.21536360173467     -1.91384413959378      H 
   -1.10701614008315     -3.94554300096708      1.38196091383545      H 
   -4.09291175237510      2.40152251492919      1.61928285120335      O 
    2.64540551265733     -1.07070072577064     -3.14901017754968      C 
    5.38035830769263     -0.25473481062410     -3.49318775817779      C 
    6.18487808566770      0.67370254487550     -1.83531360238823      H 
    5.49112042915144      1.03295021702387     -5.10430108053462      H 
    6.50382415030541     -1.91999596960722     -3.95299281152858      H 
    1.59880076457857     -2.47319186760453     -4.63979811672852      O 
   -0.47751778355241      1.23478530446132      3.64783214869931      N 
    0.96533783628006     -0.01064302424753      3.61309697782935      H 
   -1.10414419971172      2.45009367279094      6.03443437627101      C 
    0.53922454526061      3.44529134345596      6.78867514949323      H 
   -2.61454318673761      3.79817024567866      5.67137725775628      H 
   -1.76727441660887      1.08296761254342      7.43894624320901      H 
  -8.2669820421067E-05   4.8083567254628E-03   8.5175059334252E-03
   1.1770584213274E-03   7.2536940630021E-04  -7.4394800005797E-04
  -7.1568348561582E-03  -2.4188409725517E-03  -4.8665979738842E-03
   5.4727680544129E-04   1.0386443522371E-03   3.8137635714065E-03
  -1.3991970618530E-03  -1.7451915808654E-03  -2.7905378726243E-03
   2.8892913267298E-03  -3.0034491884130E-04  -8.4873376567706E-03
  -3.4610996939474E-03  -6.9536943095102E-04   1.0417231059394E-03
  -9.8760593136327E-05  -1.7473288425423E-03  -1.0131616521683E-03
   1.0100106737726E-03  -1.8312039725002E-03   2.5622237763213E-03
  -1.0553751457122E-02   3.4710040654775E-03  -1.3994910931700E-03
   7.7117678327871E-03   1.1332169927598E-03   2.1744047739516E-03
   1.9100978472576E-04  -1.4354064038065E-04  -2.0391142410695E-03
   3.0136734717982E-03   1.7670836120256E-03   1.9182719421462E-03
   1.0735389624526E-03   1.8961929063868E-03  -2.3332140231479E-03
   1.2494597385564E-03  -1.7326540168789E-03  -1.8635315668960E-04
  -4.4137243909443E-03  -5.9873147333003E-03  -9.2778411607867E-03
   9.9575679096437E-03  -2.0934940448457E-03   5.8721275867619E-03
   5.6610538397575E-04  -6.8419857117749E-04  -1.6372107989425E-03
  -1.6883310855630E-03   2.9832496011878E-03   4.2075474293899E-03
   5.9544032076928E-04   1.1455431885711E-03   1.7098792368239E-03
  -7.0228427968329E-05   4.7823105048945E-04   1.0871151679989E-03
  -1.0576032448659E-03  -6.7410176063275E-05   1.8702451051469E-03
$end
