           1           2  0.93946720175916454     
           1           3  0.97222461194931098     
           3           4  0.95396156384951947     
           3           5  0.98703202236434029     
           3           6  0.94521404860841696     
           5           7  0.98289383831614852     
           5           8  0.97646437863731173     
           5           9  0.98653257812682360     
           6          10   1.7078450673201546     
           1          11   1.2097220540494167     
          11          12  0.98106435538224168     
          12          13  0.98503849832835555     
          12          14  0.96404118811282524     
          12          15  0.97219587606829116     
           1          16  0.18555121171836703     
          11          16   1.7179389484484986     
           6          17   1.2375453591893741     
          10          17  0.20042904572938977     
          17          18  0.94085409223479666     
          17          19   1.0023174455655877     
          19          20  0.98065493223776479     
          19          21  0.97638875901486299     
          19          22  0.97569090260522118     
