$grad
  cycle =      1    SCF energy =   -34.98070125954   |dE/dxyz| =  0.026634
    1.47124793841827     -0.11569804933764     -1.03425106961637      N 
    2.30606867232524      1.39438866257676     -0.22042327726281      H 
   -1.27032171158331     -0.35323037984830     -0.63542400593709      C 
   -2.28721402627102      0.41052094631276     -2.26307110099995      H 
   -2.09115876905205     -3.11124497891343     -0.23229715307151      C 
   -2.10304133417683      1.24928597571426      1.63448207113826      C 
   -4.12260637059248     -3.17322291508423      0.12649346181040      H 
   -1.66509706380150     -4.21536360173467     -1.91384413959378      H 
   -1.10701614008315     -3.94554300096708      1.38196091383545      H 
   -4.09291175237510      2.40152251492919      1.61928285120335      O 
    2.64540551265733     -1.07070072577064     -3.14901017754968      C 
    5.38035830769263     -0.25473481062410     -3.49318775817779      C 
    6.18487808566770      0.67370254487550     -1.83531360238823      H 
    5.49112042915144      1.03295021702387     -5.10430108053462      H 
    6.50382415030541     -1.91999596960722     -3.95299281152858      H 
    1.59880076457857     -2.47319186760453     -4.63979811672852      O 
   -0.47751778355241      1.23478530446132      3.64783214869931      N 
    0.96533783628006     -0.01064302424753      3.61309697782935      H 
   -1.10414419971172      2.45009367279094      6.03443437627101      C 
    0.53922454526061      3.44529134345596      6.78867514949323      H 
   -2.61454318673761      3.79817024567866      5.67137725775628      H 
   -1.76727441660887      1.08296761254342      7.43894624320901      H 
  -4.7971493491561E-03   1.9896462082040E-03   2.5191202310857E-03
   1.1021791257113E-03  -1.0493842300468E-05  -1.1711219291756E-03
  -5.1357108403529E-04  -1.1490815234246E-03  -3.1182075244168E-03
   9.9365735458170E-05   8.8448046475450E-05   4.7170093751518E-03
  -2.8980767634689E-03  -2.1570415514460E-03  -2.3440881889093E-03
   1.4836287869426E-03  -1.5882759117767E-03  -8.8069004768313E-03
  -1.9231438691406E-03  -8.3625234578992E-04   8.5409444112234E-04
   4.2567950038247E-05  -2.7922361792000E-04   3.2223415664739E-04
   2.8725752378302E-04  -1.6197991922643E-03   1.3987730851133E-03
  -8.9083180430561E-03   3.6837675207373E-03  -3.8279864808319E-04
   1.0778336066456E-02   2.6389049146287E-03   3.0078996790701E-03
   5.7962335735796E-04  -3.4108080943248E-04  -1.3141001166331E-03
   2.7372948664888E-03   1.1482178547214E-03   1.0387104678936E-03
   1.4513572990335E-03   1.2135484278142E-03  -1.7144191494612E-03
   1.0790016118713E-03  -4.2476426593140E-04  -2.4300581331561E-04
  -5.2423091622695E-03  -5.7148870896832E-03  -8.5002999561037E-03
   3.0728404386644E-03   2.8833363284960E-03   1.0447154487989E-02
  -1.0556755996363E-04  -1.5189606265784E-04  -2.0795729335750E-03
   2.1578764611191E-03  -2.9145643978834E-04   1.2521380943898E-03
  -3.2585018231274E-04   8.2548477976078E-04   1.5763152892747E-03
   1.0757392394048E-03  -1.3097821339859E-03   5.6271115910893E-04
  -1.2330824489260E-03   1.4026807055633E-03   1.9783542696580E-03
$end
