           1           2  0.92069947077285341     
           1           3  0.93197838487865670     
           3           4  0.96358394422074467     
           3           5  0.98915493374530761     
           3           6  0.95049347901748438     
           5           7  0.98529643134183120     
           5           8  0.97828409885974210     
           5           9  0.98836247600684057     
           6          10   1.6570616269541707     
           1          11   1.1914156871524382     
          11          12  0.98156736398622768     
          12          13  0.98780554796568920     
          12          14  0.96666896291441773     
          12          15  0.97273185215328406     
           1          16  0.15473544379225776     
          11          16   1.6671850957330503     
           6          17   1.2204849926552690     
          10          17  0.16650702935310910     
          17          18  0.92025069424890238     
          17          19  0.95301926749688348     
          19          20  0.98835173046941938     
          19          21  0.98204380809148695     
          19          22  0.98339498483155241     
